
# id	file_path	transparent_color_r	g	b
[TEXTURES]
0	textures\mario.png	255	255	255
7	textures\BoardInfo.png	0	0	255
10	textures\enemies.png	3	26	110
20	textures\tiles.png	255	128	192
30	textures\misc.png	176	224	248
40	textures\misc2.png	4	193	170
50	textures\enemies-2.png	0	128	128
60	textures\misc-2.png	166	185	255
70	textures\mario-2.png	255	255	255
80	textures\enemies-2r.png	0	128	128
90	textures\enemies-2reflect.png	0	128	128
100	textures\enemies-3.png	163	73	164
110	textures\enemies-3reflect.png	163	73	164
120	textures\misc-2reflect.png	166	185	255
130	textures\fragment.png	224	163	216
140	textures\Board.png	0	0	255
150	textures\EndMap.png	0	183	239
160	textures\GameClear.png	255	255	255
170	textures\racoontransform.png	68	145	190


# id	left	top	right	bottom	texture_id
[SPRITES]
# BIG MARIO 
# idle right
10001	246	154	260	181	0
# walk
10002	275	154	291	181	0
10003	305	155	321	181	0
# idle left
10011	186	154	200	181	0
#walk
10012	155	154	171	182	0
10013	125	155	141	181	0
#jump
10014	395	275	411	301	0
10015	35	275	51	301	0
#duck
10016	426	239	440	257	0
10017	6	239	20	257	0
# die 
10099	215	120	231	135	0
# SMALL MARIO
# idle small right
10021	247	0	259	15	0
# walk
10022	275	0	291	15	0
10023	306	0	320	15	0
# idle small left
10031	187	0	198	15	0
# walk
10032	155	0	170	15	0
10033	125	0	139	15	0
# jump
10034	395	80	411	96	0
10035	35	80	51	96	0

#FIRE MARIO
#idle right
10040	246	394	260	421	0
#walk
10041	275	394	291	421	0
10042	305	395	321	421	0
#idle left
10043	186	394	200	421	0
#walk
10044	155	394	171	421	0
10045	125	395	141	421	0
#jump
10046	395	515	411	541	0
10047	35	515	51	541	0
#duck
10048	426	479	440	497	0
10049	6	479	20	497	0

#RACOON MARIO
#idle right
10050	243	634	264	662	0
#walk
10051	272	634	294	662	0
10052	303	634	324	661	0
#idle left
10053	182	634	203	662	0
#walk
10054	152	634	174	662	0
10055	122	634	143	661	0
#jump
10056	392	754	415	781	0
10057	31	754	54	781	0
#duck
10058	422	719	444	737	0
10059	2	719	24	737	0
#Fall
10060	211	603	234	630	70
10061	291	443	314	470	70
10062	172	603	195	630	70
10063	92	443	115	470	70
#Fly right
10064	291	603	315	631	70
10065	331	603	355	630	70
fly left
10066	91	603	115	631	70
10067	51	603	75	630	70

#Turning 
10068	426	0	440	16	0
10069	6	0	20	16	0
10070	425	154	441	182	0
10071	5	154	21	182	0
10072	425	394	441	422	0
10073	5	394	21	422	0
10074	425	633	441	663	0
10075	5	633	21	663	0

#tail
10076	383	483	406	511	70
10077	169	560	199	588	70
10078	236	443	259	471	70

#Kick
10079	425	80	441	96	0
10080	5	80	21	96	0
10081	423	274	444	301	0
10082	2	274	23	301	0
10083	423	514	444	541	0
10084	2	514	23	541	0
10085	422	754	444	782	0
10086	2	754	24	782	0

#hold big
10087	336	234	350	261	0
10088	276	314	291	341	0
10089	305	315	321	341	0
10090	96	234	110	261	0
10091	155	314	170	341	0
10092	125	315	142	341	0
#hold small	
10093	246	120	260	136	0
10094	276	120	291	136	0
10095	186	120	200	136	0
10096	155	120	170	136	0
#hold fire
30010	336	474	350	501	0
30011	276	554	291	581	0
30012	305	555	321	581	0
30013	96	474	110	501	0
30014	155	554	170	581	0
30015	125	555	141	581	0
#hold racoon	
30016	242	794	264	822	0
30017	272	794	294	822	0
30018	303	794	324	821	0
30019	182	794	204	822	0
30020	152	794	174	822	0
30021	122	794	143	821	0

#slide small
30022	335	0	351	16	0
30023	95	0	111	16	0
#slide big
30024	334	154	353	181	0
30025	362	154	381	181	0
30026	392	155	411	181	0
30027	93	154	112	181	0
30028	65	154	84	181	0
30029	35	155	54	181	0

#slide fire
30030	334	394	353	421	0
30031	362	394	381	421	0
30032	392	395	411	421	0
30033	93	394	112	421	0
30034	65	394	84	421	0
30035	35	395	54	421	0

#slide racoon
30036	331	634	355	662	0
30037	361	634	385	662	0
30038	390	634	414	661	0
30039	91	634	115	662	0
30040	61	634	84	662	0
30041	32	634	53	661	0

#throw fireball on ground
30042	396	474	410	501	0
30043	366	474	380	501	0
30044	36	474	50	501	0
30045	66	474	80	501	0
#throw fireball on air
30046	394	435	413	461	0
30047	244	434	262	461	0
30048	274	434	293	461	0
30049	33	435	52	461	0
30050	184	434	202	461	0
30051	153	434	172	461	0

#fly small
30052	365	40	381	56	0
30053	65	40	81	56	0
#fly big
30054	394	195	413	221	0
30055	33	195	52	221	0
#fly fire
30056	394	435	413	461	0
30057	33	435	52	461	0

#GOOMBA
30001	5	14	21	29	10
30002	25	14	41	29	10
#die
30003	45	21	61	29	10
30004	262	292	278	308	80

#GOOMBA 2
40020	456	53	476	77	50
40021	414	53	434	77	50
40022	435	53	455	77	50
40023	393	53	413	77	50
40024	256	108	272	124	50
40025	239	108	255	124	50

#RED KOOPAS
#walk left
50110	205	163	221	190	50
50111	222	164	238	190	50
#walk right
50112	183	163	199	190	50
50113	166	164	182	190	50
#Spin
50114	256	174	272	190	50
50115	273	174	289	190	50
50116	290	174	306	190	50

#Spin deflect
50117	131	174	147	190	50
50118	114	174	130	190	50
50119	97	174	113	190	50

#die
50120	239	174	255	190	50
50121	148	174	164	190	50

#respawn die
50103	147	148	165	164	50
#respawn die deflect
50104	120	147	138	163	50

#KOOPAS

#respawn die
50101	279	227	297	243	50
#respawn die deflect
50102	130	202	148	218	50

#walk left
50001	205	191	221	218	50
50002	222	192	238	218	50
#walk right
50011	187	191	203	218	50
50012	170	192	186	218	50
#Spin
50013	256	202	272	218	50
50014	273	202	289	218	50
50015	290	202	306	218	50

#Spin deflect
50016	262	198	278	214	80
50017	245	198	261	214	80
50018	228	198	244	214	80

# fly left
50019	256	248	273	276	50
50020	205	248	221	276	50
50021	222	248	238	276	50
50022	239	248	255	276	50


#fly right
50023	262	248	278	276	90
50024	313	248	329	276	90
50025	296	248	312	276	90
50026	279	248	295	276	90

#TELE
50027	216	0	230	15	0
50028	215	154	231	181	0
50029	215	394	231	421	0
50030	210	633	231	662	0

#die
50031	239	202	255	218	50
50032	279	198	295	214	80

#Transform
50033	366	272	380	299	0
50034	66	272	80	299	0

50035	0	0	16	16	170
50036	17	0	33	16	170
50037	34	0	50	16	170
50038	51	0	67	16	170

#BOOMERANG BROS
50050	345	173	369	202	10
50051	374	173	398	202	10

#BOOMERANG
50052	374	209	399	225	10
50053	348	209	364	224	10
50054	323	209	338	224	10
50055	298	208	314	223	10

#BOOMERANG BROS NO BOOMERANG
50057	318	173	342	202	10
50058	292	173	316	202	10

#BROS DIE
50056	409	178	425	202	10


#BRICK
20001	239	222	255	238	20
#LEFT BRICK
20002	222	222	238	238	20
#RIGHT BRICK
20003	256	222	272	238	20

# Brick screen 2
201	256	120	272	136	20
202	273	120	289	136	20
203	290	120	306	136	20
204	256	137	272	153	20
205	273	137	289	153	20
206	290	137	306	153	20

# Moving bar 
207	273	171	321	187	20


#BRICK2
20004	1	18	17	34	40
20005	18	18	34	34	40
20006	35	18	51	34	40

#Fragment 
20007	0	0	9	10	130

#BRICK3
20008	324	171	340	187	20

#BRICK4
20009	103	52	119	68	40
21010	86	52	102	68	40
21011	69	52	85	68	40
21012	52	52	68	68	40

#TRANSPARENT UPSIDEBRICK
20010	256	1	272	2	20

#COIN
20011	171	137	185	153	20
20012	370	100	384	116	60
20013	353	100	367	116	60
#COIN SPARKLE
20014	291	100	305	116	60
20015	304	100	318	116	60
20016	316	100	330	116	60

#MUSHROOM
20017	156	121	172	137	60
20100	286	121	302	137	60

#LEAF
20018	180	123	196	137	60
20019	233	123	249	137	120

#QUESTION BRICK
40001	120	52	136	68	40
40002	137	52	153	68	40
40003	154	52	170	68	40
40004	171	52	187	68	40
40005	188	52	204	68	40

#FIREBALL
40010	240	554	248	562	0
40011	258	553	266	562	0
40012	258	574	266	582	0
40013	240	573	248	582	0
40014	198	554	206	562	0
40015	180	553	188	562	0
40016	180	574	188	582	0
40017	198	573	206	582	0


#SMALL BRUSH
20020	222	205	238	221	20

#BRUSH SCREEN 2
220	188	52	204	68	20
221	205	52	221	68	20
222	222	52	238	68	20
223	188	69	204	85	20
224	205	69	221	85	20
225	222	69	238	85	20

#  BRUSH
20021	138	1	153	17	20
20022	154	1	169	17	20
20023	137	18	153	34	20
20024	154	18	170	34	20
20025	154	35	170	51	20
20026	137	35	153	51	20
20027	137	52	153	68	20


#CLOUD
20030	188	189	204	204	20
20031	189	205	204	213	20
20032	205	189	221	204	20
20033	205	205	220	212	20

20034	196	189	204	204	20
20035	196	205	204	213	20
20036	205	189	213	204	20
20037	205	205	213	212	20

20038	222	188	238	204	20
#CLoud screen 2
230	222	111	238	119	20
231	205	86	237	102	20
		

#PIPE
20040	324	52	340	68	20
20041	325	69	340	85	20
20042	341	52	357	68	20
20043	341	69	356	85	20

#SHADE
20050	103	52	119	68	20
20051	120	52	136	68	20
20052	103	1	119	17	20
20053	120	1	136	17	20
20054	103	18	119	34	20
20055	120	18	136	34	20
20056	77	103	85	111	20
20057	103	77	111	85	20
20058	103	86	111	102	20
20059	86	103	102	111	20
20060	103	103	111	111	20

#BLOCK
20061	1	1	17	17	20
20062	18	1	34	17	20
20063	35	1	51	17	20
20064	1	18	17	34	20
20065	18	18	34	34	20
20066	35	18	51	34	20
20067	1	35	17	51	20
20068	18	35	34	51	20
20069	35	35	51	51	20

20071	52	1	68	17	20
20072	69	1	85	17	20
20073	86	1	102	17	20
20074	52	18	68	34	20
20075	69	18	85	34	20
20076	86	18	102	34	20
20077	52	35	68	51	20
20078	69	35	85	51	20
20079	86	35	102	51	20

20081	1	52	17	68	20
20082	18	52	34	68	20
20083	35	52	51	68	20
20084	1	69	17	85	20
20085	18	69	34	85	20
20086	35	69	51	85	20
20087	1	86	17	102	20
20088	18	86	34	102	20
20089	35	86	51	102	20

20091	52	52	68	68	20
20092	69	52	85	68	20
20093	86	52	102	68	20
20094	52	69	68	85	20
20095	69	69	85	85	20
20096	86	69	102	85	20
20097	52	86	68	102	20
20098	69	86	85	102	20
20099	86	86	102	102	20

#star
20101	137	120	153	136	20
#flower
20102	154	120	170	136	20

# sparkle star
20120	297	373	313	389	150
20121	344	374	360	390	150

# sparkle mushroom
20122	257	373	273	389	150
20123	316	375	332	390	150

#sparkle flower
20124	277	374	293	390	150
20125	329	375	345	391	150

#endbox
20105	137	86	153	102	20
20106	154	86	170	102	20
20107	137	103	153	119	20
20108	154	103	170	119	20

# screen 2
60001	290	188	306	204	20
60012	120	375	136	391	40
60013	136	375	152	391	40
60010	156	375	172	391	40
60011	172	375	188	391	40

#BLACK
60020	222	546	238	562	40

# PLANT
70001	38	100	54	124	110
70002	57	100	73	124	110

# PIRANHA PLANT
70003	150	126	166	158	110
70004	167	126	183	158	110
70005	184	126	200	158	110
70006	201	126	217	158	110

70007	273	126	289	158	100
70008	256	126	272	158	100
70009	239	126	255	158	100
70010	222	126	238	158	100	

# P BUTTON
80001	156	144	172	160	60
80002	178	144	194	160	60
80003	200	153	216	160	60

# Flower

80005	309	121	325	137	60

# Board
90000	0	0	332	52	140

#Game clear
90001	0	0	248	73	160
90002	0	151	248	224	160
90003	0	74	248	148	160

#Number
0	4	3	12	10	7
1	14	3	22	10	7
2	24	3	32	10	7
3	34	3	42	10	7
4	44	3	52	10	7
5	54	3	62	10	7
6	64	3	72	10	7
7	74	3	82	10	7
8	84	3	92	10	7
9	94	3	102	10	7

#speed bar
10	4	12	68	19	7
11	4	20	68	27	7
12	4	28	68	35	7
13	4	36	68	43	7
14	4	44	68	51	7
15	4	52	68	59	7
16	4	60	68	67	7
17	4	68	68	75	7

#ItemList
18	108	3	124	19	7
19	128	3	144	19	7
20	148	3	164	19	7

# ani_id	sprite1_id	time1	sprite2_id	time2	...
[ANIMATIONS]
# ==== MARIO =========

#Hold jump small
390	10089	100
391	10092	100

392	10094	100
393	10096	100

394	30012	100
395	30015	100

396	30018	100
397	30021	100

#idle BIG right
400	10001	100
#idle BIG left
401	10011	100
#idle small right
402	10021	100
#idle small left
403	10031	100
#walk right big
404	10001	100	10002	100	10003	100
#walk left big
405	10011	100	10012	100	10013	100
#walk right small
406	10021	100	10022	100	10023	100
#walk left small
407	10031	100	10032	100	10033	100
#Jump right big
409	10014	100
#jump left big
410	10015	100
#jump right small
411	10034	100
#jump left small
412	10035	100
#duck big right
413	10016	100
#duck big left
414	10017	100


# idle fire right
415	10040	100
# idle fire left 
416	10043	100
# walk fire right
417	10040	100	10041	100	10042	100
# walk fire left
418	10043	100	10044	100	10045	100
# jump fire right
419	10046	100
# jump fire left
420	10047	100
# duck fire right
421	10048	100
# duck fire left
422	10049	100

# idle racoon right
423	10050	100
# idle racoon left 
424	10053	100
# walk racoon right
425	10050	100	10051	100	10052	100
# walk racoon left
426	10053	100	10054	100	10055	100
# jump racoon right
427	10056	100
# jump racoon left
428	10057	100
# duck racoon right
429	10058	100
# duck racoon left
430	10059	100

# fall big right
431	10003	100
# fall big left
432	10013	100

#fall fire right
433	10042	100
#fall fire left
434	10045	100

#fall racoon right
435	10060	100
#fall racoon left
436	10062	100
#fall racoon right 1
437	10061	50	10060	50

#fall racoon left 1
438	10063	50 	10062	50
#fly racoon
439	10064	50	10065	50
440	10066	50	10067	50

#run right small
441	10021	50	10022	50	10023	50
#run left small
442	10031	50	10032	50	10033	50
#run right big
443	10001	50	10002	50	10003	50
#run left big
444	10011	50	10012	50	10013	50
# run fire right
445	10040	50	10041	50	10042	50
# run fire left
446	10043	50	10044	50	10045	50
# run racoon right
447	10050	50	10051	50	10052	50
# run racoon left
448	10053	50	10054	50	10055	50

# turn small
449	10068	100
450	10069	100
#turn big
451	10070	100
452	10071	100
#turn fire
453	10072	100
454	10073	100
#turn racoon
455	10074	100
456	10075	100
# tail racoon

457	10078	50	10076	50	10077	150
458	10077	50	10076	50	10078	150

4#kick 
459	10079	100
460	10080	100
461	10081	100
462	10082	100
463	10083	100
464	10084	100
465	10085	100
466	10086	100

#hold	big
467	10087	100
468	10087	100	10088	100	10089	100
469	10090	100
470	10090	100	10091	100	10092	100

#hold small
471	10093	100
472	10093	100	10094	100
473	10095	100
474	10095	100	10096	100

#hold fire
475	30010	100
476	30010	100	30011	100	30012	100
477	30013	100
478	30013	100	30014	100	30015	100

#hold racoon
479	30016	100
480	30016	100	30017	100	30018	100
481	30019	100
482	30019	100	30020	100	30021	100

#slide small
483	10022	20	30022	20
484	10032	20	30023	20

#slide big
485	30024	20	30025	20	30026	20
486	30027	20	30028	20	30029	20

#slide fire
487	30030	20	30031	20	30032	20
488	30033	20	30034	20	30035	20

#slide racoon
489	30036	20	30037	20	30038	20
490	30039	20	30040	20	30041	20

#throw fireball on ground
491	30042	100	30043	100
492	30044	100	30045	100
#throw fireball on air
493	30046	100	30047	100	30048	100
494	30049	100	30050	100	30051	100

#fly small
495	30052	100
496	30053	100
#fly big
497	30054	100
498	30055	100
#fly fire
499	30056	100
500	30057	100
#fly racoon
501	10064	100
502	10066	100
503	10065	100
504	10067	100

# SMALL TO BIG
505	50033	100	10001	100
506	50034	100	10011	100



#TELE
507	50027	100
508	50028	100
509	50029	100
510	50030	100

# To RACOON
511	50035	200	50036	200	50037	200	50038	200


#die
408	10099	100

#==== FIREBALL===
598	40010	100	40011	100	40012	100	40013	100
599	40014	100	40015	100	40016	100	40017	100

# ==== QUESTION BRICK =========
610	40001	1000	40001	100	40002	100	40003	100	40004	100
613	40005	100

# ==== BRICK =========
601	20001	100
602	20002	100
603	20003	100

604	20004	100
605	20005	100
606	20006	100

607	20007	100

608	20008	100
609	21012	500	21011	200	21010	200	20009	200

#TRANS BRICK
611	20010	100

#COIN
612	20011	200	20012	100 	20013	100
614	20014	100	20015	100	20016	100


# BRICK SCENE 2
615	60001	100

#PIPE SCENE 2
616	60010	100
617	60011	100
618	60012	100
619	60013	100

# BLACK 
600	60020	100

# ==== GOOMBA  =========
# walk
701	30001	100	30002	100
# die
702	30003	100
703	30004	100

# GOOMBA 2
# fly
704	40020	100	40021	100	40022	100	40023	100
# walk
705	40024	100	40025	100

# MUSHROOM 
710	20017	100
713	20100	100

# LEAF
711	20018	100
712	20019	100

#COIN
715	20011	100

# P BUTTON
750	80001	100	80002	100
751	80003	100

#Flower

755	80005	100

# Flower

# ==== KOOPAS  =========
#walk left
801	50001	100	50002	100
#walk right
802	50011	100	50012	100
#die
803	50031	100

#Spin	left
804	50014	30	50013	30	50015	30	50031	30
#Spin right
805	50015	30	50013	30	50014	30	50031	30

#spin deflect
806	50017	30	50016	30	50018	30	50032	30
807	50018	30	50016	30	50017	30	50032	30

#die deflect
808	50032	100


#BOOMERANG BROS
850	50050	100	50051	100
851	50052	100	50053	100	50054	100	50055	100
852	50056	100
853	50057	100	50058	100


#KOOPAS 2
#Fly right
809	50023	100	50024	100	50025	100	50026	100
810	50019	100	50020	100	50021	100	50022	100

#PLANT
811	70001	100	70002	100

#PIRANHA PLANT
#LEFT BOT
812	70003	100
813	70003	100	70004	100
#LEFT TOP
814	70005	100
815	70005	100	70006	100
#RIGHT BOT
816	70007	100
817	70007	100	70008	100
#RIGHT TOP
818	70009	100
819	70009	100	70010	100

# koopas respawn
821	50031	50	50101	50
822	50032	50	50102	50


# ==== KOOPAS RED  =========
#walk left
831	50110	100	50111	100
#walk right
832	50112	100	50113	100
#die
833	50120	100

#Spin	left
834	50115	30	50114	30	50116	30	50120	30
#Spin right
835	50116	30	50114	30	50115	30	50120	30

#spin deflect
836	50118	30	50117	30	50119	30	50121	30
837	50119	30	50117	30	50118	30	50121	30

#die deflect
838	50121	100

# koopas respawn
839	50120	50	50103	50
840	50121	50	50104	50

# === SMALL BRUSH =======
620	20020	100

# === BRUSH ========
621	20021	100
622	20022	100
623	20023	100
624	20024	100
625	20025	100
626	20026	100
627	20027	100

# === CLOUD =====
630	20030	100
631	20031	100
632	20032	100
633	20033	100
634	20034	100
635	20035	100
636	20036	100
637	20037	100
638	20038	100

# === PIPE =====
640	20040	100
641	20041	100
642	20042	100
643	20043	100

# === SHADE ====
650	20050	100
651	20051	100
652	20052	100
653	20053	100
654	20054	100
655	20055	100
656	20056	100
657	20057	100
658	20058	100
659	20059	100
660	20060	100

# === BLOCK ====
661	20061	100
662	20062	100
663	20063	100
664	20064	100
665	20065	100
666	20066	100
667	20067	100
668	20068	100
669	20069	100
671	20071	100
672	20072	100
673	20073	100
674	20074	100
675	20075	100
676	20076	100
677	20077	100
678	20078	100
679	20079	100
681	20081	100
682	20082	100
683	20083	100
684	20084	100
685	20085	100
686	20086	100
687	20087	100
688	20088	100
689	20089	100
691	20091	100
692	20092	100
693	20093	100
694	20094	100
695	20095	100
696	20096	100
697	20097	100
698	20098	100
699	20099	100

900	90000	100

#Endpoint item
901	20017	100	20101	100	20102	100

#Endpoint box
902	20105	100
903	20106	100
904	20107	100
905	20108	100

#EndPoint sparkle

906	20120	150	20121	150
907	20122	150	20123	150
908	20124	150	20125	150

# game clear
909	90001	100
910	90002	100
911	90003	100

# screen 2 object


#

# number 
0	0	100
1	1	100
2	2	100
3	3	100
4	4	100
5	5	100
6	6	100
7	7	100
8	8	100
9	9	100

10	10	100
11	11	100
12	12	100
13	13	100
14	14	100
15	15	100
16	16	100
17	17	100	16	100

18	18	100
19	19	100
20	20	100

#brick
950	201	100
951	202	100
952	203	100
953	204	100
954	205	100
955	206	100

#brush
960	220	100
961	221	100
962	222	100
963	223	100
964	224	100
965	225	100

#cloud
970	230	100
971	231	100

#moving bar
980	207	100


#
# id	ani1	ani2	ani3
#
[ANIMATION_SETS]
# MARIO
1	400	401	402	403	404	405	406	407	408	409	410	411	412	413	414	415	416	417	418	419	420	421	422	423	424	425	426	427	428	429	430	431	432	433	434	435	436	437	438	439	440	441	442	443	444	445	446	447	448	449	450	451	452	453	454	455	456	457	458	459	460	461	462	463	464	465	466	467	468	469	470	471	472	473	474	475	476	477	478	479	480	481	482	483	484	485	486	487	488	489	490	491	492	493	494	495	496	497	498	499	500	501	502	503	504	505	506	507	508	509	510	511	390	391	392	393	394	395	396	397
# BRICK 
2	601
3	602
4	603
5	604
6	605
7	606
9	608
10	609	715
#TRANS BRICK
11	611

#COIN	
12	612	614

#FIREBALL
13	598	599

#GOOMBA 2
14	704	705	702	703

#KOOPAS 2
15	801	802	803	804	805	806	807	808	809	810	821	822

#PLANT
16	811	511

#PIRANHA PLANT
17	812	813	814	815	816	817	818	819	511

#MUSHROOM
18	710	713

#LEAF
19	711	712

# QUESTION BRICK 
29	610	613

# GOOMBA
28	701	702	703


#KOOPAS
39	801	802	803	804	805	806	807	808	821	822	831	832	833	834	835	836	837	838	839	840



# SMALL BRUSH
20	620

#BRUSH
21	621
22	622
23	623
24	624
25	625
26	626
27	627

# CLOUD
30	630
31	631
32	632
33	633
34	634
35	635
36	636
37	637
38	638

# PIPE
40	640
41	641
42	642
43	643

#SHADE
50	650
51	651
52	652
53	653
54	654
55	655
56	656
57	657
58	658
59	659
60	660

#BLOCK
61	661
62	662
63	663
64	664
65	665
66	666
67	667
68	668
69	669
71	671
72	672
73	673
74	674
75	675
76	676
77	677
78	678
79	679
81	681
82	682
83	683
84	684
85	685
86	686
87	687
88	688
89	689
91	691
92	692
93	693
94	694
95	695
96	696
97	697
98	698
99	699

# BRICK UNDERGROUND 
100	615
101	616
102	617
103	618
104	619
105	600

# fragment 
106	607

# P BUTTON
107	750	751

#Flower 
108	755

# board
110	900

#Endpoint Item
111	901	906	907	908
112	902
113	903
114	904
115	905

#Game clear
116	600	909	910	911

# QUESTION BRICK 2
117	609	613

# number
200	0	1	2	3	4	5	6	7	8	9

# speed bar
201	10	11	12	13	14	15	16	17

#ItemList
202	611	20	18	19

#SCREEN 2 OBJECT
300	950
301	951
302	952
303	953
304	954
305	955

310	960
311	961
312	962
313	963
314	964
315	965

320	970
321	971

330	715

331	850	853	852
332	851

333	980



[OBJECTS]
# type	x	y	ani_set_id	extra_settings per object type
# type: 0 = Mario , 1 = Brick, 2 = Goomba, 3 = Koopas, 4 = Environment, 5 = UpsideBrick, 6 = Coin, 7 = QBrick, 8 = FireBall, 9 = FlyGoomba, 10 = FlyKoopas, 11 = Plant, 12 PiranhaPlant, 13 Switch, 14 BrokenBrick, 15 PButton, 16 board, 20 EndPointItem, 21 gameclearboard, 22 Number


# SMALL BRUSH
4	176	400	20
4	192	400	20
4	208	400	20
4	688	384	20
4	704	384	20
4	720	384	20
4	736	384	20
4	752	384	20
4	768	384	20
4	1056	384	20
4	1072	384	20
4	1200	400	20
4	1216	400	20
4	1232	400	20
4	1744	400	20
4	1760	400	20
4	1776	400	20
# CLOUD
4	136	272	30
4	136	287	31
4	152	272	36
4	152	287	37
4	160	272	34
4	160	287	35
4	168	272	32
4	168	287	33
4	344	256	30
4	344	271	31
4	360	256	32
4	360	271	33
4	664	272	30
4	664	287	31
4	680	272	32
4	680	287	33
4	744	304	30
4	744	319	31
4	760	304	36
4	760	319	37
4	768	304	34
4	768	319	35
4	776	304	36
4	776	319	37
4	784	304	34
4	784	319	35
4	792	304	32
4	792	319	33
4	1192	272	30
4	1192	287	31
4	1208	272	32
4	1208	287	33
4	1672	272	30
4	1672	287	31
4	1688	272	36
4	1688	287	37
4	1696	272	34
4	1696	287	35
4	1704	272	36
4	1704	287	37
4	1712	272	34
4	1712	287	35
4	1720	272	32
4	1720	287	33
4	2344	288	30
4	2344	303	31
4	2360	288	32
4	2360	303	33

# BRUSH
4	32	400	23
4	48	400	27
4	64	400	27
4	80	400	27
4	96	400	25
4	112	400	26
4	128	400	27
4	144	400	24
4	32	384	23
4	48	384	25
4	64	384	26
4	80	384	27
4	96	384	24
4	112	384	23
4	128	384	25
4	144	384	22
4	33	368	21
4	48	368	26
4	64	368	24
4	81	368	21
4	96	368	22
4	113	368	21
4	128	368	22
4	49	352	21
4	64	352	22
4	833	384	21
4	848	384	26
4	864	384	27
4	880	384	27
4	896	384	27
4	912	384	27
4	928	384	27
4	944	384	24
4	961	384	21
4	976	384	26
4	992	384	27
4	1008	384	24
4	848	368	23
4	864	368	25
4	880	368	26
4	896	368	25
4	912	368	26
4	928	368	27
4	944	368	24
4	976	368	23
4	992	368	25
4	1008	368	22
4	849	352	21
4	864	352	22
4	881	352	21
4	896	352	26
4	912	352	24
4	929	352	21
4	944	352	22
4	977	352	21
4	992	352	22
4	897	336	21
4	912	336	22
4	1905	400	21
4	1920	400	26
4	1936	400	27
4	1952	400	24
4	1920	384	23
4	1936	384	25
4	1952	384	22
4	1921	368	21
4	1936	368	22
4	2384	400	23
4	2400	400	27
4	2416	400	27
4	2432	400	27
4	2448	400	27
4	2464	400	24
4	2384	384	23
4	2400	384	27
4	2416	384	27
4	2432	384	27
4	2448	384	25
4	2464	384	22
4	2384	368	23
4	2400	368	27
4	2416	368	27
4	2432	368	27
4	2448	368	24
4	2385	352	21
4	2400	352	26
4	2416	352	27
4	2432	352	27
4	2448	352	24
4	2401	336	21
4	2416	336	26
4	2432	336	27
4	2448	336	24
4	2416	320	23
4	2432	320	27
4	2448	320	24
4	2416	304	23
4	2432	304	25
4	2448	304	22
4	2417	288	21
4	2432	288	22
# SHADE
4	2496	400	50
4	2496	384	50
4	2496	368	50
4	2496	352	50
4	2496	336	50
4	2496	320	50
4	2496	304	50
4	2496	288	50
4	2496	272	50
4	2496	256	50
4	2496	240	50
4	2496	224	50
4	2496	208	50
4	2496	192	50
4	2496	176	50
4	2496	160	50
4	2496	144	50
4	2496	128	50
4	2496	112	50
4	2496	96	50
4	2496	80	50
4	2496	64	50
4	2496	48	50
4	2496	32	50
4	2496	16	50
4	2496	0	50
4	2512	400	51
4	2512	384	51
4	2512	368	51
4	2512	352	51
4	2512	336	51
4	2512	320	51
4	2512	304	51
4	2512	288	51
4	2512	272	51
4	2512	256	51
4	2512	240	51
4	2512	224	51
4	2512	208	51
4	2512	192	51
4	2512	176	51
4	2512	160	51
4	2512	144	51
4	2512	128	51
4	2512	112	51
4	2512	96	51
4	2512	80	51
4	2512	64	51
4	2512	48	51
4	2512	32	51
4	2512	16	51
4	2512	0	51
4	2528	400	51
4	2528	384	51
4	2528	368	51
4	2528	352	51
4	2528	336	51
4	2528	320	51
4	2528	304	51
4	2528	288	51
4	2528	272	51
4	2528	256	51
4	2528	240	51
4	2528	224	51
4	2528	208	51
4	2528	192	51
4	2528	176	51
4	2528	160	51
4	2528	144	51
4	2528	128	51
4	2528	112	51
4	2528	96	51
4	2528	80	51
4	2528	64	51
4	2528	48	51
4	2528	32	51
4	2528	16	51
4	2528	0	51
4	2544	400	51
4	2544	384	51
4	2544	368	51
4	2544	352	51
4	2544	336	51
4	2544	320	51
4	2544	304	51
4	2544	288	51
4	2544	272	51
4	2544	256	51
4	2544	240	51
4	2544	224	51
4	2544	208	51
4	2544	192	51
4	2544	176	51
4	2544	160	51
4	2544	144	51
4	2544	128	51
4	2544	112	51
4	2544	96	51
4	2544	80	51
4	2544	64	51
4	2544	48	51
4	2544	32	51
4	2544	16	51
4	2544	0	51
4	2560	400	51
4	2560	384	51
4	2560	368	51
4	2560	352	51
4	2560	336	51
4	2560	320	51
4	2560	304	51
4	2560	288	51
4	2560	272	51
4	2560	256	51
4	2560	240	51
4	2560	224	51
4	2560	208	51
4	2560	192	51
4	2560	176	51
4	2560	160	51
4	2560	144	51
4	2560	128	51
4	2560	112	51
4	2560	96	51
4	2560	80	51
4	2560	64	51
4	2560	48	51
4	2560	32	51
4	2560	16	51
4	2560	0	51
4	2576	400	51
4	2576	384	51
4	2576	368	51
4	2576	352	51
4	2576	336	51
4	2576	320	51
4	2576	304	51
4	2576	288	51
4	2576	272	51
4	2576	256	51
4	2576	240	51
4	2576	224	51
4	2576	208	51
4	2576	192	51
4	2576	176	51
4	2576	160	51
4	2576	144	51
4	2576	128	51
4	2576	112	51
4	2576	96	51
4	2576	80	51
4	2576	64	51
4	2576	48	51
4	2576	32	51
4	2576	16	51
4	2576	0	51
4	2592	400	52
4	2592	384	51
4	2592	368	51
4	2592	352	51
4	2592	336	51
4	2592	320	51
4	2592	304	51
4	2592	288	51
4	2592	272	51
4	2592	256	51
4	2592	240	51
4	2592	224	51
4	2592	208	51
4	2592	192	51
4	2592	176	51
4	2592	160	51
4	2592	144	51
4	2592	128	51
4	2592	112	51
4	2592	96	51
4	2592	80	51
4	2592	64	51
4	2592	48	51
4	2592	32	51
4	2592	16	51
4	2592	0	51
4	2608	400	53
4	2608	384	54
4	2608	368	54
4	2608	352	54
4	2608	336	54
4	2608	320	52
4	2608	304	51
4	2608	288	51
4	2608	272	51
4	2608	256	51
4	2608	240	51
4	2608	224	51
4	2608	208	51
4	2608	192	51
4	2608	176	51
4	2608	160	51
4	2608	144	51
4	2608	128	51
4	2608	112	51
4	2608	96	51
4	2608	80	51
4	2608	64	51
4	2608	48	51
4	2608	32	51
4	2608	16	51
4	2608	0	51
4	2624	400	51
4	2624	384	51
4	2624	368	51
4	2624	352	52
4	2624	336	55
4	2624	320	53
4	2624	304	51
4	2624	288	51
4	2624	272	51
4	2624	256	51
4	2624	240	51
4	2624	224	51
4	2624	208	51
4	2624	192	51
4	2624	176	51
4	2624	160	51
4	2624	144	51
4	2624	128	51
4	2624	112	51
4	2624	96	51
4	2624	80	51
4	2624	64	51
4	2624	48	51
4	2624	32	51
4	2624	16	51
4	2624	0	51
4	2640	400	51
4	2640	384	52
4	2640	368	55
4	2640	352	53
4	2640	336	51
4	2640	320	51
4	2640	304	51
4	2640	288	51
4	2640	272	51
4	2640	256	51
4	2640	240	51
4	2640	224	51
4	2640	208	51
4	2640	192	51
4	2640	176	51
4	2640	160	51
4	2640	144	51
4	2640	128	51
4	2640	112	51
4	2640	96	51
4	2640	80	51
4	2640	64	51
4	2640	48	51
4	2640	32	51
4	2640	16	51
4	2640	0	51
4	2656	400	55
4	2656	384	53
4	2656	368	51
4	2656	352	51
4	2656	336	51
4	2656	320	51
4	2656	304	51
4	2656	288	51
4	2656	272	51
4	2656	256	51
4	2656	240	51
4	2656	224	51
4	2656	208	51
4	2656	192	51
4	2656	176	51
4	2656	160	51
4	2656	144	51
4	2656	128	51
4	2656	112	51
4	2656	96	51
4	2656	80	51
4	2656	64	51
4	2656	48	51
4	2656	32	51
4	2656	16	51
4	2656	0	51
4	2672	400	51
4	2672	384	51
4	2672	368	51
4	2672	352	51
4	2672	336	51
4	2672	320	51
4	2672	304	51
4	2672	288	51
4	2672	272	51
4	2672	256	51
4	2672	240	51
4	2672	224	51
4	2672	208	51
4	2672	192	51
4	2672	176	51
4	2672	160	51
4	2672	144	51
4	2672	128	51
4	2672	112	51
4	2672	96	51
4	2672	80	51
4	2672	64	51
4	2672	48	51
4	2672	32	51
4	2672	16	51
4	2672	0	51
4	2688	400	51
4	2688	384	51
4	2688	368	51
4	2688	352	51
4	2688	336	51
4	2688	320	51
4	2688	304	51
4	2688	288	51
4	2688	272	51
4	2688	256	51
4	2688	240	51
4	2688	224	51
4	2688	208	51
4	2688	192	51
4	2688	176	51
4	2688	160	51
4	2688	144	51
4	2688	128	51
4	2688	112	51
4	2688	96	51
4	2688	80	51
4	2688	64	51
4	2688	48	51
4	2688	32	51
4	2688	16	51
4	2688	0	51
4	2704	400	51
4	2704	384	51
4	2704	368	51
4	2704	352	51
4	2704	336	51
4	2704	320	51
4	2704	304	51
4	2704	288	51
4	2704	272	51
4	2704	256	51
4	2704	240	51
4	2704	224	51
4	2704	208	51
4	2704	192	51
4	2704	176	51
4	2704	160	51
4	2704	144	51
4	2704	128	51
4	2704	112	51
4	2704	96	51
4	2704	80	51
4	2704	64	51
4	2704	48	51
4	2704	32	51
4	2704	16	51
4	2704	0	51
4	2720	400	51
4	2720	384	51
4	2720	368	51
4	2720	352	51
4	2720	336	51
4	2720	320	51
4	2720	304	51
4	2720	288	51
4	2720	272	51
4	2720	256	51
4	2720	240	51
4	2720	224	51
4	2720	208	51
4	2720	192	51
4	2720	176	51
4	2720	160	51
4	2720	144	51
4	2720	128	51
4	2720	112	51
4	2720	96	51
4	2720	80	51
4	2720	64	51
4	2720	48	51
4	2720	32	51
4	2720	16	51
4	2720	0	51
4	2736	400	51
4	2736	384	51
4	2736	368	51
4	2736	352	51
4	2736	336	51
4	2736	320	51
4	2736	304	51
4	2736	288	51
4	2736	272	51
4	2736	256	51
4	2736	240	51
4	2736	224	51
4	2736	208	51
4	2736	192	51
4	2736	176	51
4	2736	160	51
4	2736	144	51
4	2736	128	51
4	2736	112	51
4	2736	96	51
4	2736	80	51
4	2736	64	51
4	2736	48	51
4	2736	32	51
4	2736	16	51
4	2736	0	51
4	2752	400	51
4	2752	384	51
4	2752	368	51
4	2752	352	51
4	2752	336	51
4	2752	320	51
4	2752	304	51
4	2752	288	51
4	2752	272	51
4	2752	256	51
4	2752	240	51
4	2752	224	51
4	2752	208	51
4	2752	192	51
4	2752	176	51
4	2752	160	51
4	2752	144	51
4	2752	128	51
4	2752	112	51
4	2752	96	51
4	2752	80	51
4	2752	64	51
4	2752	48	51
4	2752	32	51
4	2752	16	51
4	2752	0	51
4	2768	400	51
4	2768	384	51
4	2768	368	51
4	2768	352	51
4	2768	336	51
4	2768	320	51
4	2768	304	51
4	2768	288	51
4	2768	272	51
4	2768	256	51
4	2768	240	51
4	2768	224	51
4	2768	208	51
4	2768	192	51
4	2768	176	51
4	2768	160	51
4	2768	144	51
4	2768	128	51
4	2768	112	51
4	2768	96	51
4	2768	80	51
4	2768	64	51
4	2768	48	51
4	2768	32	51
4	2768	16	51
4	2768	0	51
4	2784	400	51
4	2784	384	51
4	2784	368	51
4	2784	352	51
4	2784	336	51
4	2784	320	51
4	2784	304	51
4	2784	288	51
4	2784	272	51
4	2784	256	51
4	2784	240	51
4	2784	224	51
4	2784	208	51
4	2784	192	51
4	2784	176	51
4	2784	160	51
4	2784	144	51
4	2784	128	51
4	2784	112	51
4	2784	96	51
4	2784	80	51
4	2784	64	51
4	2784	48	51
4	2784	32	51
4	2784	16	51
4	2784	0	51
4	2800	400	51
4	2800	384	51
4	2800	368	51
4	2800	352	51
4	2800	336	51
4	2800	320	51
4	2800	304	51
4	2800	288	51
4	2800	272	51
4	2800	256	51
4	2800	240	51
4	2800	224	51
4	2800	208	51
4	2800	192	51
4	2800	176	51
4	2800	160	51
4	2800	144	51
4	2800	128	51
4	2800	112	51
4	2800	96	51
4	2800	80	51
4	2800	64	51
4	2800	48	51
4	2800	32	51
4	2800	16	51
4	2800	0	51
4	2816	400	51
4	2816	384	51
4	2816	368	51
4	2816	352	51
4	2816	336	51
4	2816	320	51
4	2816	304	51
4	2816	288	51
4	2816	272	51
4	2816	256	51
4	2816	240	51
4	2816	224	51
4	2816	208	51
4	2816	192	51
4	2816	176	51
4	2816	160	51
4	2816	144	51
4	2816	128	51
4	2816	112	51
4	2816	96	51
4	2816	80	51
4	2816	64	51
4	2816	48	51
4	2816	32	51
4	2816	16	51
4	2816	0	51
#BLOCK
4	256	400	87
4	272	400	88
4	288	400	89
4	256	384	84
4	272	384	85
4	288	384	86
4	256	368	81
4	272	368	82
4	288	368	83
4	304	400	98
4	320	400	99
4	304	384	95
4	320	384	96
4	304	368	95
4	320	368	96
4	288	352	94
4	304	352	95
4	320	352	96
4	288	336	91
4	304	336	92
4	320	336	93
4	416	400	77
4	432	400	78
4	448	400	78
4	464	400	78
4	480	400	79
4	416	384	74
4	432	384	75
4	448	384	75
4	464	384	75
4	480	384	76
4	416	368	71
4	432	368	72
4	448	368	72
4	464	368	72
4	480	368	73
4	496	400	88
4	512	400	88
4	496	384	85
4	512	384	85
4	496	368	85
4	512	368	85
4	528	368	86
4	480	352	84
4	496	352	85
4	512	352	85
4	528	352	86
4	480	336	81
4	496	336	82
4	512	336	82
4	528	336	83
4	528	400	77
4	544	400	78
4	560	400	78
4	576	400	78
4	592	400	78
4	608	400	79
4	528	384	71
4	544	384	72
4	560	384	72
4	576	384	72
4	592	384	72
4	608	384	73
4	544	368	65
4	560	368	65
4	576	368	66
4	544	352	65
4	560	352	65
4	576	352	66
4	544	336	65
4	560	336	65
4	576	336	66
4	528	320	64
4	544	320	65
4	560	320	65
4	576	320	66
4	528	304	61
4	544	304	62
4	560	304	62
4	576	304	63
4	1280	400	77
4	1296	400	78
4	1312	400	78
4	1328	400	78
4	1344	400	78
4	1360	400	78
4	1376	400	79
4	1280	384	71
4	1296	384	72
4	1312	384	72
4	1328	384	72
4	1344	384	72
4	1360	384	72
4	1376	384	73
4	1392	400	88
4	1408	400	89
4	1392	384	85
4	1408	384	86
4	1312	368	84
4	1328	368	85
4	1344	368	85
4	1360	368	85
4	1376	368	85
4	1392	368	85
4	1408	368	86
4	1312	352	81
4	1328	352	82
4	1344	352	82
4	1360	352	82
4	1376	352	82
4	1392	352	82
4	1408	352	83
4	1424	400	98
4	1440	400	99
4	1424	384	95
4	1440	384	96
4	1424	368	95
4	1440	368	96
4	1424	352	95
4	1440	352	96
4	1344	336	94
4	1360	336	95
4	1376	336	95
4	1392	336	95
4	1408	336	95
4	1424	336	95
4	1440	336	96
4	1344	320	91
4	1360	320	92
4	1376	320	92
4	1392	320	92
4	1408	320	92
4	1424	320	92
4	1440	320	93
4	2160	400	87
4	2176	400	88
4	2192	400	89
4	2160	384	84
4	2176	384	85
4	2192	384	86
4	2160	368	81
4	2176	368	82
4	2192	368	83
4	2208	400	78
4	2224	400	79
4	2208	384	75
4	2224	384	76
4	2208	368	75
4	2224	368	76
4	2192	352	74
4	2208	352	75
4	2224	352	76
4	2192	336	74
4	2208	336	75
4	2224	336	76
4	2192	320	74
4	2208	320	75
4	2224	320	76
4	2192	304	74
4	2208	304	75
4	2224	304	76
4	2192	288	74
4	2208	288	75
4	2224	288	76
4	2192	272	71
4	2208	272	72
4	2224	272	73
4	1328	144	81
4	1344	144	82
4	1360	144	82
4	1376	144	83
4	1328	160	87
4	1344	160	88
4	1360	160	88
4	1376	160	89
#BLOCK SHADE
4	1392	152	57
4	1392	160	58
4	1336	176	56
4	1344	176	59
4	1360	176	59
4	1376	176	59
4	1392	176	60
4	304	400	58
4	304	384	58
4	304	376	57
4	336	400	58
4	336	384	58
4	336	368	58
4	336	352	58
4	336	344	57
4	496	400	58
4	496	384	58
4	496	376	57
4	544	368	58
4	544	352	58
4	544	344	57
4	592	368	58
4	592	352	58
4	592	336	58
4	592	320	58
4	592	312	57
4	624	400	58
4	624	392	57
4	1392	400	58
4	1392	392	57
4	1424	400	58
4	1424	384	58
4	1424	368	58
4	1424	360	57
4	1456	400	58
4	1456	384	58
4	1456	368	58
4	1456	352	58
4	1456	336	58
4	1456	328	57
4	2208	400	58
4	2208	384	58
4	2208	376	57
4	2240	400	58
4	2240	384	58
4	2240	368	58
4	2240	352	58
4	2240	336	58
4	2240	320	58
4	2240	304	58
4	2240	288	58
4	2240	280	57


#GAME CLEAR BOARD
21	2550	230	116


#Endpoint box
4	2696	320	112
4	2712	320	113
4	2696	336	114
4	2712	336	115


# SCREEN 2
# BACKGROUND
4	128	464	105
4	144	464	105
4	128	480	105
4	144	480	105
4	352	464	105
4	368	464	105
4	352	480	105
4	368	480	105
4	128	624	105
4	144	624	105
4	160	624	105
4	176	624	105
4	192	624	105
4	208	624	105
4	224	624	105
4	240	624	105
4	128	608	105
4	144	608	105
4	160	608	105
4	176	608	105
4	192	608	105
4	208	608	105
4	224	608	105
4	240	608	105
4	256	608	105
4	128	592	105
4	144	592	105
4	160	592	105
4	176	592	105
4	192	592	105
4	208	592	105
4	224	592	105
4	240	592	105
4	256	592	105
4	272	592	105
4	128	576	105
4	144	576	105
4	160	576	105
4	176	576	105
4	192	576	105
4	208	576	105
4	224	576	105
4	240	576	105
4	256	576	105
4	272	576	105
4	288	576	105
4	128	560	105
4	144	560	105
4	160	560	105
4	176	560	105
4	192	560	105
4	208	560	105
4	224	560	105
4	240	560	105
4	256	560	105
4	272	560	105
4	288	560	105
4	304	560	105
4	128	544	105
4	144	544	105
4	160	544	105
4	176	544	105
4	192	544	105
4	208	544	105
4	224	544	105
4	240	544	105
4	256	544	105
4	272	544	105
4	288	544	105
4	304	544	105
4	320	544	105
4	128	528	105
4	144	528	105
4	160	528	105
4	176	528	105
4	192	528	105
4	208	528	105
4	224	528	105
4	240	528	105
4	256	528	105
4	272	528	105
4	288	528	105
4	304	528	105
4	320	528	105
4	336	528	105
4	352	528	105
4	368	528	105
4	128	512	105
4	144	512	105
4	160	512	105
4	176	512	105
4	192	512	105
4	208	512	105
4	224	512	105
4	240	512	105
4	256	512	105
4	272	512	105
4	288	512	105
4	304	512	105
4	320	512	105
4	336	512	105
4	352	512	105
4	368	512	105
4	128	496	105
4	144	496	105
4	160	496	105
4	176	496	105
4	192	496	105
4	208	496	105
4	224	496	105
4	240	496	105
4	256	496	105
4	272	496	105
4	288	496	105
4	304	496	105
4	320	496	105
4	336	496	105
4	352	496	105
4	368	496	105
4	160	480	105
4	176	480	105
4	192	480	105
4	208	480	105
4	224	480	105
4	240	480	105
4	256	480	105
4	272	480	105
4	288	480	105
4	304	480	105
4	320	480	105
4	336	480	105


# MARIO
0	15	350	1

# GOOMBA
#2	280	370	28
#2	480	370	28

#2	825	350	28
#2	875	350	28

# FLY GOOMBA
#9	985	350	14

# KOOPAS
#3	550	340	39	520	615	1
#3	1465	340	39	1165	1515	0
#3	2110	340	39	2108	2120	1

# FLYKOOPAS
#10	1370	250	15	0	0	0
#10	1400	250	15	0	0	0
#10	1430	250	15	0	0	0

#PLANT
11	1816	385	16

#PIRANHA PLANT
12	376	368	17
12	1879	368	17



#Board
16	0	432	110
#Number
22	172	449	200	0
22	180	449	200	0

22	164	457	200	1
22	172	457	200	1
22	180	457	200	1

22	92	457	200	2
22	100	457	200	2
22	108	457	200	2
22	116	457	200	2
22	124	457	200	2
22	132	457	200	2
22	140	457	200	2

22	77	457	200	3

#speedbar
23	92	449	201

#ItemList		
24	207	448	202
24	231	448	202
24	255	448	202


